1 0.210609 0.640771 0.102313 0.128917
1 0.093672 0.806354 0.183281 0.358458
1 0.660937 0.784687 0.409281 0.317833
1 0.850953 0.761458 0.296844 0.292333
1 0.960898 0.676010 0.078203 0.115438
1 0.353406 0.632531 0.111313 0.112438
1 0.484969 0.624281 0.124812 0.113937
1 0.606398 0.621281 0.129297 0.104938
0 0.712656 0.609292 0.098937 0.086958
1 0.063875 0.605542 0.112437 0.094458
0 0.208383 0.642021 0.021578 0.013375
0 0.359945 0.632729 0.017859 0.010458
0 0.504750 0.625896 0.018094 0.012500
0 0.639094 0.623719 0.013063 0.009313
0 0.767078 0.878479 0.045781 0.037750
