1 0.863938 0.656875 0.042812 0.041458
1 0.323086 0.864802 0.251266 0.180063
0 0.245391 0.922083 0.026094 0.020833
1 0.486531 0.805094 0.172625 0.171063
0 0.956281 0.828333 0.025938 0.015208
1 0.948609 0.823021 0.102781 0.140833
1 0.973844 0.727500 0.052313 0.066875
0 0.991500 0.751979 0.017000 0.010000
1 0.600891 0.772500 0.106406 0.134792
1 0.707687 0.750417 0.089375 0.081458
0 0.692031 0.769062 0.014688 0.010625
1 0.762922 0.735729 0.057031 0.065417
1 0.823531 0.686198 0.065813 0.069271
0 0.813516 0.703229 0.009844 0.007708
1 0.881437 0.636563 0.033438 0.037500
