0 0.599305 0.793556 0.039484 0.018000
1 0.140891 0.819681 0.188531 0.274694
1 0.155383 0.685681 0.101609 0.121694
1 0.189812 0.683444 0.081469 0.136611
1 0.344547 0.687917 0.097000 0.157500
1 0.473875 0.678222 0.096156 0.139611
1 0.612234 0.752875 0.165437 0.251583
1 0.685719 0.705472 0.094062 0.188111
1 0.867844 0.886319 0.264313 0.227361
1 0.842977 0.770417 0.186016 0.197056
1 0.563523 0.583042 0.036953 0.043306
1 0.596906 0.612528 0.038219 0.048500
1 0.630297 0.614764 0.027719 0.026139
1 0.647508 0.601708 0.036953 0.032861
1 0.722664 0.596847 0.030234 0.035083
1 0.436086 0.562514 0.030641 0.039583
1 0.281562 0.607681 0.042406 0.038806
0 0.476187 0.701403 0.025719 0.012250
0 0.343758 0.675486 0.019234 0.012250
0 0.134445 0.859403 0.055641 0.024194
